Z=[1,2,3;4,5,6]
Z(2,3);
X=Z(2:)